2025-12-08 21:11:39,252 INFO   : Starting ./part1.py to read input.txt...
2025-12-08 21:11:39,252 DEBUG  : args=Namespace(debug=True, input_file=[<_io.TextIOWrapper name='input.txt' mode='r' encoding='cp1252'>], top=1000)
2025-12-08 21:11:39,254 INFO   : in_df.shape=(1000, 3)
2025-12-08 21:12:16,362 INFO   : dist_df.shape=(1000, 1000)
2025-12-08 21:12:16,387 DEBUG  : dist_df=
     0             1             2    ...           997           998           999
0    inf  3.777272e+04  3.941575e+04  ...  7.581388e+04  5.717039e+04  7.740652e+04
1    inf           inf  2.426761e+04  ...  8.370432e+04  5.925155e+04  8.493327e+04
2    inf           inf           inf  ...  8.582747e+04  3.546684e+04  8.115447e+04
3    inf           inf           inf  ...  8.281172e+04  8.001347e+04  8.541408e+04
4    inf           inf           inf  ...  8.654970e+04  8.481809e+04  9.415539e+04
..   ...           ...           ...  ...           ...           ...           ...
995  inf           inf           inf  ...  5.541674e+04  5.467121e+04  5.248775e+04
996  inf           inf           inf  ...  5.904833e+04  7.386295e+04  6.504659e+04
997  inf           inf           inf  ...           inf  9.310329e+04  2.115886e+04
998  inf           inf           inf  ...           inf           inf  8.113024e+04
999  inf           inf           inf  ...           inf           inf           inf

[1000 rows x 1000 columns]
2025-12-08 21:12:16,860 INFO   : args.top=1000, closest_distances=
        distance       x1       y1       z1       x2       y2       z2
0     570.047366  46812.0  89439.0  94378.0  47293.0  89732.0  94290.0
1     642.951787  40553.0  76835.0  24521.0  40484.0  77134.0  25086.0
2     701.844712  95054.0  69322.0  75224.0  95585.0  68994.0  75545.0
3     784.619016  75724.0  62227.0  30332.0  75187.0  61780.0  30689.0
4     819.699335  19777.0   6672.0  33307.0  19800.0   6835.0  34110.0
..           ...      ...      ...      ...      ...      ...      ...
995  7946.926513  54814.0  49100.0  81652.0  56578.0  55791.0  85560.0
996  7947.044105  55418.0  21834.0  40211.0  53599.0  14652.0  37336.0
997  7948.466078  77333.0  87844.0  82405.0  75139.0  82073.0  87411.0
998  7952.829811  94999.0   7946.0  82643.0  96377.0    763.0  85766.0
999  7954.379800  81731.0  58016.0  10950.0  76814.0  61503.0  16140.0

[1000 rows x 7 columns]
2025-12-08 21:12:17,905 INFO   : uncombined_circuits=[
boxes=4: 46812.0,89439.0,94378.0 => 47293.0,89732.0,94290.0 => 46142.0,92709.0,98081.0 => 44788.0,90084.0,99762.0
boxes=7: 40553.0,76835.0,24521.0 => 40484.0,77134.0,25086.0 => 44373.0,73802.0,26930.0 => 40398.0,72471.0,30416.0 => 50515.0,73366.0,29040.0 => 34441.0,68862.0,29988.0 => 46539.0,77249.0,20075.0
boxes=4: 95054.0,69322.0,75224.0 => 95585.0,68994.0,75545.0 => 96691.0,62455.0,74752.0 => 99680.0,60790.0,80988.0
boxes=7: 75724.0,62227.0,30332.0 => 75187.0,61780.0,30689.0 => 77120.0,64468.0,30915.0 => 70207.0,62450.0,34435.0 => 80026.0,60256.0,25868.0 => 75191.0,69908.0,26544.0 => 83938.0,63541.0,28028.0
boxes=6: 19777.0,6672.0,33307.0 => 19800.0,6835.0,34110.0 => 19009.0,9003.0,33836.0 => 15669.0,3852.0,32710.0 => 15659.0,12662.0,34885.0 => 10896.0,18548.0,36628.0
boxes=4: 78524.0,21956.0,71909.0 => 79369.0,22061.0,72113.0 => 82382.0,22801.0,71202.0 => 77826.0,28073.0,71702.0
boxes=6: 62329.0,76535.0,33045.0 => 62619.0,77495.0,32840.0 => 60511.0,74560.0,33149.0 => 62894.0,69383.0,37269.0 => 55996.0,75446.0,38589.0 => 65139.0,79042.0,39356.0
boxes=2: 46356.0,21759.0,1792.0 => 46200.0,22424.0,2656.0
boxes=23: 25212.0,42527.0,36128.0 => 24671.0,41533.0,35930.0 => 23884.0,43652.0,37027.0 => 24407.0,42896.0,41278.0 => 28597.0,42699.0,39913.0 => 32358.0,44194.0,42113.0 => 30580.0,44618.0,35876.0 => 31376.0,44070.0,40679.0 => 20150.0,47080.0,37885.0 => 29581.0,46094.0,46295.0 => 23792.0,44169.0,46657.0 => 23419.0,45409.0,42618.0 => 21989.0,43400.0,46928.0 => 17259.0,47019.0,49131.0 => 33181.0,40280.0,31751.0 => 38303.0,46912.0,42450.0 => 21382.0,42091.0,53499.0 => 27454.0,42624.0,27804.0 => 19518.0,50498.0,31391.0 => 21514.0,34879.0,35700.0 => 31332.0,49929.0,30732.0 => 26477.0,55050.0,27447.0 => 39450.0,53964.0,38978.0
boxes=5: 94515.0,38263.0,45302.0 => 95497.0,38406.0,46248.0 => 97431.0,33186.0,49496.0 => 97015.0,26757.0,50856.0 => 95135.0,28624.0,44189.0
boxes=6: 41125.0,71447.0,77988.0 => 41662.0,70921.0,76791.0 => 42757.0,75468.0,79489.0 => 45101.0,82190.0,79701.0 => 47525.0,83717.0,72756.0 => 44853.0,80671.0,72161.0
boxes=3: 61647.0,55125.0,9396.0 => 62849.0,55070.0,8651.0 => 61939.0,53626.0,11611.0
boxes=8: 17069.0,68223.0,44271.0 => 15772.0,68557.0,43811.0 => 18798.0,70053.0,38533.0 => 22420.0,70618.0,46728.0 => 13620.0,69500.0,34816.0 => 19862.0,75986.0,34244.0 => 17327.0,68654.0,31351.0 => 14453.0,62161.0,33498.0
boxes=6: 54193.0,23824.0,6901.0 => 54484.0,25178.0,7271.0 => 50448.0,26781.0,10685.0 => 53196.0,16798.0,9407.0 => 48165.0,23598.0,11471.0 => 53559.0,19400.0,13351.0
boxes=2: 42073.0,54906.0,17542.0 => 41810.0,54323.0,18893.0
boxes=12: 47981.0,43292.0,93298.0 => 49147.0,42172.0,93667.0 => 48143.0,46940.0,94263.0 => 52100.0,39430.0,89642.0 => 50928.0,36606.0,84814.0 => 46455.0,41110.0,81926.0 => 42786.0,37707.0,76987.0 => 45224.0,37309.0,97589.0 => 42556.0,39675.0,88310.0 => 41438.0,41809.0,89585.0 => 43533.0,35717.0,81724.0 => 53706.0,32456.0,78755.0
boxes=4: 51149.0,98999.0,17841.0 => 49565.0,98373.0,18197.0 => 52130.0,95488.0,15516.0 => 55578.0,98183.0,13871.0
boxes=6: 69989.0,23101.0,36691.0 => 68491.0,23980.0,36820.0 => 68088.0,22291.0,34966.0 => 64553.0,22859.0,39045.0 => 66177.0,17326.0,41143.0 => 62525.0,17472.0,43297.0
boxes=3: 31376.0,44070.0,40679.0 => 32358.0,44194.0,42113.0 => 28597.0,42699.0,39913.0
boxes=3: 9482.0,1728.0,4935.0 => 11247.0,1849.0,4843.0 => 10014.0,3930.0,748.0
boxes=3: 16849.0,52766.0,18568.0 => 18542.0,53165.0,17983.0 => 19928.0,56724.0,14761.0
boxes=3: 67526.0,30470.0,97469.0 => 66769.0,28778.0,97390.0 => 61798.0,28555.0,93478.0
boxes=2: 39475.0,79606.0,89888.0 => 39894.0,81285.0,89062.0
boxes=3: 5930.0,79492.0,12316.0 => 6443.0,78765.0,10599.0 => 8807.0,80532.0,19148.0
boxes=10: 84303.0,79522.0,73270.0 => 83004.0,80955.0,73228.0 => 82584.0,81239.0,77254.0 => 85685.0,85211.0,73778.0 => 80313.0,83423.0,69115.0 => 85983.0,90073.0,78463.0 => 84658.0,72080.0,73622.0 => 79148.0,73206.0,79013.0 => 80142.0,80961.0,61658.0 => 87320.0,89596.0,86201.0
boxes=3: 58384.0,64249.0,23306.0 => 59134.0,64587.0,21555.0 => 57799.0,60727.0,15698.0
boxes=7: 21989.0,43400.0,46928.0 => 23792.0,44169.0,46657.0 => 23419.0,45409.0,42618.0 => 22847.0,40931.0,50316.0 => 24123.0,35529.0,49023.0 => 20439.0,35342.0,42112.0 => 15311.0,39648.0,37944.0
boxes=5: 58243.0,84923.0,2167.0 => 56796.0,83407.0,2571.0 => 51425.0,80544.0,2468.0 => 64721.0,85710.0,4226.0 => 44620.0,83884.0,1408.0
boxes=4: 29870.0,60643.0,45985.0 => 30290.0,58645.0,45235.0 => 23371.0,56987.0,42660.0 => 31935.0,66163.0,51144.0
boxes=5: 15311.0,39648.0,37944.0 => 14837.0,38993.0,39971.0 => 20439.0,35342.0,42112.0 => 8662.0,37522.0,43341.0 => 21622.0,31033.0,36091.0
boxes=2: 72969.0,96106.0,89802.0 => 73606.0,97536.0,91340.0
boxes=4: 40514.0,28264.0,19708.0 => 41341.0,26119.0,19698.0 => 34507.0,31223.0,21770.0 => 28314.0,34785.0,22622.0
boxes=9: 68113.0,74622.0,18367.0 => 69491.0,74053.0,16617.0 => 64138.0,74915.0,20562.0 => 71310.0,77051.0,21345.0 => 72534.0,72484.0,22081.0 => 59188.0,80498.0,21645.0 => 75094.0,74519.0,11447.0 => 61629.0,82047.0,19412.0 => 57838.0,74651.0,25241.0
boxes=2: 181.0,75373.0,66037.0 => 941.0,77329.0,67090.0
boxes=5: 61619.0,1718.0,65134.0 => 59456.0,678.0,65226.0 => 66360.0,1797.0,65531.0 => 63411.0,487.0,58650.0 => 66736.0,4968.0,72733.0
boxes=10: 83133.0,85256.0,87782.0 => 83146.0,87427.0,86603.0 => 87320.0,89596.0,86201.0 => 91434.0,87349.0,89369.0 => 77885.0,82274.0,88844.0 => 81345.0,79813.0,85553.0 => 74684.0,79101.0,86088.0 => 75139.0,82073.0,87411.0 => 81633.0,78670.0,89052.0 => 77333.0,87844.0,82405.0
boxes=2: 8026.0,57237.0,77781.0 => 9965.0,58387.0,76675.0
boxes=2: 61620.0,35941.0,73653.0 => 60079.0,37939.0,74131.0
boxes=8: 78870.0,59895.0,90816.0 => 77831.0,59928.0,88462.0 => 83485.0,61508.0,90983.0 => 83016.0,61411.0,95034.0 => 86157.0,57808.0,85708.0 => 90077.0,55594.0,91152.0 => 85277.0,50020.0,91468.0 => 89012.0,64715.0,98189.0
boxes=5: 31826.0,43715.0,71559.0 => 31848.0,44837.0,69242.0 => 36151.0,47083.0,74977.0 => 38402.0,53920.0,74405.0 => 32702.0,58337.0,73387.0
boxes=3: 28739.0,14343.0,33390.0 => 28520.0,16691.0,32331.0 => 30164.0,21006.0,25886.0
boxes=8: 21340.0,60832.0,59663.0 => 19661.0,59020.0,60444.0 => 20027.0,63496.0,55741.0 => 15889.0,63498.0,60201.0 => 14650.0,57313.0,63300.0 => 15707.0,62297.0,51144.0 => 16885.0,64566.0,66883.0 => 12895.0,51260.0,66518.0
boxes=4: 89933.0,53073.0,53008.0 => 91226.0,53902.0,55104.0 => 94424.0,51817.0,55577.0 => 92479.0,53162.0,62621.0
boxes=10: 79919.0,12539.0,49680.0 => 79281.0,12922.0,52199.0 => 79144.0,10977.0,47138.0 => 76536.0,16519.0,52801.0 => 75289.0,22139.0,51958.0 => 78540.0,18055.0,56504.0 => 77351.0,6655.0,41980.0 => 73612.0,7984.0,51122.0 => 75160.0,8290.0,34601.0 => 70074.0,12841.0,55460.0
boxes=4: 43166.0,98486.0,61557.0 => 40978.0,99228.0,62826.0 => 43896.0,97529.0,64255.0 => 41837.0,99284.0,70788.0
boxes=4: 94867.0,22210.0,23266.0 => 95274.0,20156.0,21620.0 => 96600.0,15967.0,24523.0 => 95699.0,29004.0,25834.0
boxes=4: 37673.0,11284.0,4628.0 => 38058.0,13609.0,3355.0 => 37167.0,13729.0,8009.0 => 42299.0,6687.0,7912.0
boxes=6: 41438.0,41809.0,89585.0 => 42556.0,39675.0,88310.0 => 35345.0,41083.0,90099.0 => 34447.0,43716.0,87605.0 => 37591.0,49802.0,84296.0 => 41601.0,54152.0,89540.0
boxes=5: 8171.0,17205.0,12093.0 => 9441.0,18333.0,9914.0 => 6534.0,19576.0,14562.0 => 7264.0,19903.0,7214.0 => 9477.0,10932.0,8557.0
boxes=3: 79335.0,55484.0,53910.0 => 78838.0,57490.0,55773.0 => 83021.0,55158.0,59179.0
boxes=5: 36347.0,81596.0,1408.0 => 35775.0,83340.0,3564.0 => 31108.0,79228.0,885.0 => 30390.0,85234.0,6568.0 => 43583.0,79633.0,1176.0
boxes=5: 18095.0,13046.0,63831.0 => 19679.0,10640.0,63868.0 => 22866.0,5569.0,68155.0 => 11032.0,13791.0,60543.0 => 24599.0,16034.0,67035.0
boxes=8: 93175.0,16013.0,39436.0 => 95730.0,16357.0,40763.0 => 90344.0,13977.0,40957.0 => 86433.0,15126.0,41085.0 => 94811.0,10530.0,41279.0 => 94619.0,8227.0,48004.0 => 97293.0,12072.0,47842.0 => 92202.0,1285.0,47851.0
boxes=2: 23419.0,45409.0,42618.0 => 24407.0,42896.0,41278.0
boxes=4: 70260.0,65287.0,88444.0 => 68472.0,63830.0,90436.0 => 72176.0,65415.0,92881.0 => 63543.0,66582.0,85345.0
boxes=5: 94241.0,11636.0,87204.0 => 91494.0,10645.0,88111.0 => 94999.0,7946.0,82643.0 => 85219.0,10413.0,84540.0 => 96377.0,763.0,85766.0
boxes=3: 83982.0,87771.0,23691.0 => 81739.0,87192.0,21675.0 => 79609.0,90096.0,29701.0
boxes=9: 18990.0,83368.0,31096.0 => 21660.0,82818.0,29648.0 => 23424.0,82497.0,25832.0 => 18021.0,77849.0,31465.0 => 13726.0,81949.0,27994.0 => 13820.0,81849.0,21264.0 => 29714.0,83033.0,29014.0 => 6750.0,82292.0,20876.0 => 17494.0,83019.0,14406.0
boxes=4: 63801.0,57470.0,60118.0 => 65754.0,55399.0,61320.0 => 66915.0,50513.0,58300.0 => 68698.0,60884.0,61441.0
boxes=5: 77885.0,82274.0,88844.0 => 75139.0,82073.0,87411.0 => 74684.0,79101.0,86088.0 => 81633.0,78670.0,89052.0 => 81345.0,79813.0,85553.0
boxes=8: 23716.0,9788.0,25378.0 => 22130.0,12153.0,26836.0 => 26721.0,8073.0,23571.0 => 22602.0,16569.0,24745.0 => 27336.0,17177.0,20272.0 => 15862.0,12281.0,24864.0 => 18256.0,18712.0,24917.0 => 30164.0,21006.0,25886.0
boxes=4: 29714.0,83033.0,29014.0 => 32057.0,81207.0,27814.0 => 32187.0,79134.0,33189.0 => 29908.0,89168.0,27889.0
boxes=3: 14393.0,65810.0,68476.0 => 16885.0,64566.0,66883.0 => 8633.0,65070.0,66781.0
boxes=6: 6750.0,82292.0,20876.0 => 8807.0,80532.0,19148.0 => 13820.0,81849.0,21264.0 => 12948.0,76524.0,18607.0 => 20093.0,77078.0,18121.0 => 17494.0,83019.0,14406.0
boxes=5: 90600.0,82049.0,14846.0 => 93505.0,82942.0,15963.0 => 96020.0,76084.0,16922.0 => 92361.0,88304.0,21354.0 => 93318.0,82035.0,26140.0
boxes=6: 22377.0,75311.0,86618.0 => 25404.0,74298.0,85868.0 => 25320.0,76965.0,88703.0 => 25400.0,82650.0,91315.0 => 27991.0,78741.0,89981.0 => 22958.0,74643.0,94856.0
boxes=7: 57054.0,28723.0,80755.0 => 58967.0,31367.0,81213.0 => 53706.0,32456.0,78755.0 => 53464.0,27696.0,84905.0 => 53866.0,23893.0,80740.0 => 55323.0,24174.0,90245.0 => 53013.0,29018.0,74873.0
boxes=7: 25129.0,80703.0,51615.0 => 26682.0,77733.0,51495.0 => 25826.0,78506.0,46391.0 => 25524.0,86134.0,53016.0 => 21788.0,74660.0,55431.0 => 24490.0,88169.0,49958.0 => 34045.0,80358.0,51794.0
boxes=6: 30821.0,16535.0,78238.0 => 31023.0,19276.0,80226.0 => 29902.0,23431.0,85532.0 => 27694.0,30229.0,84803.0 => 27433.0,24500.0,90057.0 => 28722.0,11507.0,83916.0
boxes=2: 44788.0,90084.0,99762.0 => 46142.0,92709.0,98081.0
boxes=3: 65522.0,18172.0,65203.0 => 64202.0,17095.0,62210.0 => 58534.0,17938.0,65958.0
boxes=3: 25320.0,76965.0,88703.0 => 27991.0,78741.0,89981.0 => 25400.0,82650.0,91315.0
boxes=5: 47317.0,56431.0,33211.0 => 45257.0,54967.0,30804.0 => 49213.0,57242.0,30320.0 => 51307.0,63518.0,28427.0 => 53024.0,53956.0,24926.0
boxes=6: 2454.0,19516.0,74796.0 => 5890.0,19884.0,74252.0 => 5701.0,15958.0,75691.0 => 9923.0,21265.0,75073.0 => 6222.0,27312.0,73697.0 => 11283.0,27763.0,78025.0
boxes=6: 61116.0,86649.0,81005.0 => 63156.0,85313.0,78489.0 => 64693.0,88736.0,77785.0 => 65635.0,83802.0,81873.0 => 68036.0,86844.0,83762.0 => 66536.0,80769.0,88324.0
boxes=4: 27336.0,17177.0,20272.0 => 27390.0,19431.0,17516.0 => 28448.0,19947.0,10197.0 => 20923.0,17557.0,9625.0
boxes=4: 67984.0,43590.0,49867.0 => 65850.0,41666.0,51988.0 => 61728.0,45777.0,47203.0 => 62275.0,36194.0,48637.0
boxes=2: 69055.0,69458.0,3830.0 => 68340.0,69790.0,308.0
boxes=3: 32360.0,97785.0,11458.0 => 35030.0,98013.0,9039.0 => 35159.0,97681.0,1838.0
boxes=5: 94954.0,37352.0,61165.0 => 96289.0,40707.0,61200.0 => 99395.0,42024.0,64637.0 => 95536.0,40284.0,70510.0 => 96514.0,47744.0,72386.0
boxes=4: 83089.0,53926.0,76734.0 => 79767.0,55373.0,76737.0 => 82627.0,50009.0,76504.0 => 80994.0,49124.0,82315.0
boxes=3: 61629.0,82047.0,19412.0 => 59188.0,80498.0,21645.0 => 57838.0,74651.0,25241.0
boxes=4: 73435.0,4760.0,11589.0 => 72938.0,1647.0,9731.0 => 78056.0,8556.0,16071.0 => 82985.0,5630.0,20933.0
boxes=7: 39483.0,63456.0,94201.0 => 42307.0,63652.0,91854.0 => 44511.0,60723.0,92720.0 => 42810.0,67484.0,96025.0 => 48753.0,67269.0,94213.0 => 32571.0,61253.0,92924.0 => 41601.0,54152.0,89540.0
boxes=4: 94999.0,7946.0,82643.0 => 94235.0,4403.0,81957.0 => 90719.0,1340.0,79383.0 => 96377.0,763.0,85766.0
boxes=2: 22847.0,40931.0,50316.0 => 21382.0,42091.0,53499.0
boxes=2: 81633.0,78670.0,89052.0 => 81345.0,79813.0,85553.0
boxes=5: 54970.0,55740.0,77895.0 => 57408.0,53067.0,78690.0 => 55787.0,56098.0,73893.0 => 54814.0,49100.0,81652.0 => 56578.0,55791.0,85560.0
boxes=4: 97229.0,17110.0,56159.0 => 99450.0,18871.0,53726.0 => 99680.0,15545.0,47931.0 => 98564.0,11536.0,61484.0
boxes=2: 35345.0,41083.0,90099.0 => 34447.0,43716.0,87605.0
boxes=5: 32571.0,61253.0,92924.0 => 30708.0,62438.0,89896.0 => 31643.0,56815.0,91604.0 => 31326.0,66213.0,94487.0 => 25216.0,66611.0,96602.0
boxes=4: 84547.0,83818.0,46994.0 => 87362.0,85792.0,48538.0 => 85328.0,88970.0,43192.0 => 86803.0,95737.0,46443.0
boxes=4: 83988.0,95243.0,48904.0 => 86803.0,95737.0,46443.0 => 80984.0,90774.0,53394.0 => 86251.0,88900.0,57634.0
boxes=4: 67787.0,21122.0,86041.0 => 67653.0,23361.0,89124.0 => 65048.0,18071.0,79989.0 => 67594.0,20803.0,73087.0
boxes=2: 24490.0,88169.0,49958.0 => 25524.0,86134.0,53016.0
boxes=3: 19862.0,75986.0,34244.0 => 18021.0,77849.0,31465.0 => 16517.0,77574.0,36043.0
boxes=5: 21622.0,31033.0,36091.0 => 21514.0,34879.0,35700.0 => 20439.0,35342.0,42112.0 => 21559.0,29544.0,29029.0 => 14777.0,32047.0,30355.0
boxes=3: 53188.0,1536.0,32044.0 => 54975.0,4631.0,30510.0 => 50752.0,1190.0,38998.0
boxes=3: 54196.0,74535.0,55851.0 => 55848.0,76616.0,52997.0 => 50944.0,80888.0,48916.0
boxes=4: 44545.0,23913.0,56346.0 => 48078.0,22862.0,57641.0 => 44756.0,29902.0,53808.0 => 41694.0,24264.0,50151.0
boxes=2: 10819.0,27046.0,23139.0 => 14028.0,28115.0,21179.0
boxes=5: 66297.0,87516.0,24174.0 => 69509.0,85715.0,25500.0 => 63577.0,88996.0,30261.0 => 70958.0,89272.0,32152.0 => 68245.0,93886.0,20080.0
boxes=5: 9840.0,88396.0,96699.0 => 6487.0,87748.0,94720.0 => 6465.0,92910.0,95439.0 => 13578.0,92095.0,95358.0 => 15835.0,95480.0,90924.0
boxes=2: 95699.0,29004.0,25834.0 => 94019.0,32326.0,27215.0
boxes=3: 50448.0,26781.0,10685.0 => 48165.0,23598.0,11471.0 => 53559.0,19400.0,13351.0
boxes=4: 22887.0,92808.0,42428.0 => 24927.0,95684.0,40547.0 => 25057.0,88480.0,39390.0 => 27929.0,95312.0,33923.0
boxes=6: 47100.0,12013.0,82907.0 => 43421.0,13482.0,82265.0 => 48503.0,10137.0,78477.0 => 43890.0,12360.0,74529.0 => 46092.0,18886.0,79674.0 => 40154.0,19495.0,76464.0
boxes=6: 46455.0,41110.0,81926.0 => 43853.0,42827.0,79345.0 => 46686.0,41347.0,76199.0 => 42786.0,37707.0,76987.0 => 50259.0,40348.0,71922.0 => 43533.0,35717.0,81724.0
boxes=2: 57175.0,55782.0,95222.0 => 55012.0,56038.0,98638.0
boxes=3: 1885.0,4126.0,91125.0 => 1864.0,5401.0,87266.0 => 5004.0,6093.0,95637.0
boxes=2: 83016.0,61411.0,95034.0 => 83485.0,61508.0,90983.0
boxes=5: 44853.0,80671.0,72161.0 => 47525.0,83717.0,72756.0 => 48902.0,88464.0,71206.0 => 42404.0,76882.0,69587.0 => 53534.0,89228.0,65848.0
boxes=2: 94643.0,43326.0,96712.0 => 93378.0,39433.0,96546.0
boxes=4: 59563.0,3169.0,90234.0 => 57248.0,1482.0,87293.0 => 64317.0,3473.0,90520.0 => 53415.0,5373.0,83170.0
boxes=6: 63276.0,27118.0,64212.0 => 60414.0,28900.0,66576.0 => 66941.0,29231.0,65288.0 => 63660.0,27099.0,70030.0 => 54853.0,27817.0,69385.0 => 69104.0,33826.0,69655.0
boxes=4: 83809.0,13239.0,2470.0 => 81148.0,15536.0,4637.0 => 86024.0,14523.0,7360.0 => 87191.0,6861.0,5306.0
boxes=8: 79148.0,73206.0,79013.0 => 80201.0,71582.0,82664.0 => 80987.0,66767.0,84659.0 => 75013.0,69422.0,82482.0 => 79036.0,70815.0,88686.0 => 75953.0,64838.0,78167.0 => 80477.0,66660.0,72850.0 => 76799.0,67862.0,66627.0
boxes=2: 72665.0,24203.0,54404.0 => 75289.0,22139.0,51958.0
boxes=4: 10815.0,11739.0,69218.0 => 10611.0,15881.0,68866.0 => 4664.0,14179.0,66764.0 => 267.0,14440.0,61256.0
boxes=4: 26860.0,95914.0,95051.0 => 28919.0,99003.0,96960.0 => 30014.0,92590.0,97856.0 => 26838.0,89982.0,98718.0
boxes=4: 78822.0,16522.0,35426.0 => 78532.0,20430.0,33961.0 => 78625.0,26484.0,33175.0 => 81820.0,23420.0,39375.0
boxes=2: 26838.0,89982.0,98718.0 => 30014.0,92590.0,97856.0
boxes=8: 50187.0,91492.0,31871.0 => 48019.0,88676.0,29607.0 => 47329.0,88403.0,34324.0 => 44241.0,91723.0,36416.0 => 45928.0,83213.0,33010.0 => 49177.0,92999.0,26127.0 => 47779.0,97410.0,29632.0 => 41859.0,86573.0,26701.0
boxes=3: 99680.0,15545.0,47931.0 => 97293.0,12072.0,47842.0 => 94619.0,8227.0,48004.0
boxes=2: 62525.0,17472.0,43297.0 => 66177.0,17326.0,41143.0
boxes=2: 65635.0,83802.0,81873.0 => 68036.0,86844.0,83762.0
boxes=5: 79609.0,90096.0,29701.0 => 80871.0,91229.0,33674.0 => 80874.0,98288.0,33644.0 => 83141.0,96029.0,38676.0 => 76254.0,99028.0,38287.0
boxes=7: 10136.0,67447.0,36418.0 => 13620.0,69500.0,34816.0 => 17327.0,68654.0,31351.0 => 4047.0,65336.0,38344.0 => 3475.0,67742.0,34097.0 => 14453.0,62161.0,33498.0 => 5001.0,68428.0,42386.0
boxes=4: 83938.0,63541.0,28028.0 => 85623.0,61506.0,24556.0 => 80026.0,60256.0,25868.0 => 89877.0,67577.0,21846.0
boxes=2: 34572.0,92040.0,21081.0 => 37642.0,93565.0,23781.0
boxes=3: 82985.0,5630.0,20933.0 => 79979.0,5958.0,24104.0 => 84306.0,5451.0,28055.0
boxes=2: 44620.0,83884.0,1408.0 => 43583.0,79633.0,1176.0
boxes=7: 13973.0,45156.0,83226.0 => 15360.0,41076.0,84027.0 => 19735.0,44394.0,86018.0 => 9774.0,39303.0,84371.0 => 20229.0,46292.0,79190.0 => 23100.0,41573.0,83981.0 => 22530.0,50866.0,83305.0
boxes=3: 2888.0,35746.0,62495.0 => 6704.0,34552.0,60529.0 => 8524.0,30272.0,64195.0
boxes=2: 13179.0,93071.0,10975.0 => 16444.0,90053.0,10441.0
boxes=3: 78540.0,18055.0,56504.0 => 76536.0,16519.0,52801.0 => 78687.0,19817.0,62273.0
boxes=6: 48767.0,60851.0,50113.0 => 48081.0,60952.0,54546.0 => 49045.0,56441.0,54110.0 => 51382.0,54915.0,50152.0 => 53242.0,57661.0,57257.0 => 42956.0,66021.0,54107.0
boxes=9: 54855.0,35663.0,38858.0 => 53412.0,34713.0,34700.0 => 48794.0,33061.0,31845.0 => 52127.0,27997.0,29376.0 => 54550.0,39928.0,44128.0 => 46256.0,27919.0,27429.0 => 51061.0,23983.0,35367.0 => 55083.0,22422.0,29143.0 => 59382.0,34009.0,45187.0
boxes=2: 79657.0,94047.0,14324.0 => 79897.0,96977.0,17766.0
boxes=5: 70.0,69819.0,7660.0 => 4402.0,69262.0,8891.0 => 7323.0,68833.0,14750.0 => 9555.0,68693.0,21556.0 => 7231.0,71964.0,2570.0
boxes=2: 45224.0,37309.0,97589.0 => 41020.0,35575.0,97930.0
boxes=2: 22145.0,53913.0,54699.0 => 25813.0,51761.0,56479.0
boxes=5: 62695.0,98716.0,67490.0 => 58751.0,97468.0,65454.0 => 63660.0,93591.0,64089.0 => 68517.0,88694.0,64150.0 => 68268.0,84073.0,70576.0
boxes=2: 68515.0,63125.0,21454.0 => 68266.0,58768.0,19961.0
boxes=2: 86157.0,57808.0,85708.0 => 86663.0,60886.0,82293.0
boxes=2: 21385.0,56244.0,929.0 => 20459.0,52087.0,2764.0
boxes=2: 61815.0,79029.0,67202.0 => 60331.0,82831.0,69426.0
boxes=5: 76178.0,63853.0,68973.0 => 76799.0,67862.0,66627.0 => 80477.0,66660.0,72850.0 => 77506.0,73889.0,64427.0 => 84658.0,72080.0,73622.0
boxes=3: 56652.0,51414.0,23319.0 => 53024.0,53956.0,24926.0 => 57817.0,44775.0,21111.0
boxes=4: 48901.0,80619.0,15880.0 => 44884.0,82953.0,16806.0 => 46539.0,77249.0,20075.0 => 45989.0,83211.0,23517.0
boxes=2: 53196.0,16798.0,9407.0 => 53559.0,19400.0,13351.0
boxes=3: 84506.0,35125.0,36616.0 => 88854.0,33460.0,37549.0 => 85940.0,38539.0,41274.0
boxes=7: 26477.0,55050.0,27447.0 => 25920.0,59230.0,25248.0 => 21569.0,60917.0,21987.0 => 26642.0,59682.0,31073.0 => 30079.0,60556.0,20816.0 => 24879.0,50548.0,23059.0 => 31387.0,47156.0,21207.0
boxes=4: 30082.0,4630.0,3730.0 => 27181.0,7440.0,1216.0 => 29006.0,11577.0,5326.0 => 20319.0,6353.0,46.0
boxes=4: 71310.0,77051.0,21345.0 => 72534.0,72484.0,22081.0 => 75191.0,69908.0,26544.0 => 78615.0,75071.0,29893.0
boxes=2: 52344.0,54618.0,87464.0 => 56578.0,55791.0,85560.0
boxes=6: 11836.0,14816.0,51064.0 => 7427.0,16736.0,51006.0 => 3911.0,19421.0,54799.0 => 6884.0,23260.0,60232.0 => 11598.0,21798.0,47672.0 => 11960.0,25689.0,54377.0
boxes=3: 9978.0,7518.0,11927.0 => 9477.0,10932.0,8557.0 => 12087.0,5663.0,16683.0
boxes=2: 7573.0,65021.0,56714.0 => 3045.0,65738.0,58224.0
boxes=2: 31387.0,47156.0,21207.0 => 36044.0,47087.0,22476.0
boxes=4: 75609.0,97261.0,33832.0 => 76254.0,99028.0,38287.0 => 80874.0,98288.0,33644.0 => 83141.0,96029.0,38676.0
boxes=2: 23100.0,41573.0,83981.0 => 19735.0,44394.0,86018.0
boxes=2: 30041.0,96448.0,83862.0 => 34707.0,96837.0,85117.0
boxes=2: 22602.0,16569.0,24745.0 => 18256.0,18712.0,24917.0
boxes=2: 16849.0,74278.0,70779.0 => 15059.0,74346.0,75288.0
boxes=5: 16141.0,24697.0,56642.0 => 11960.0,25689.0,54377.0 => 21365.0,26903.0,56982.0 => 22295.0,33569.0,60123.0 => 20593.0,28652.0,65753.0
boxes=4: 11032.0,13791.0,60543.0 => 12313.0,9215.0,59461.0 => 10908.0,5815.0,62760.0 => 15862.0,3859.0,61952.0
boxes=5: 31714.0,27346.0,83248.0 => 29902.0,23431.0,85532.0 => 27694.0,30229.0,84803.0 => 27433.0,24500.0,90057.0 => 34250.0,27837.0,76821.0
boxes=4: 38987.0,39689.0,15886.0 => 39398.0,38538.0,20620.0 => 40087.0,44946.0,14929.0 => 47104.0,45074.0,17780.0
boxes=6: 39908.0,69815.0,57750.0 => 42214.0,65816.0,59416.0 => 42956.0,66021.0,54107.0 => 34506.0,72353.0,55062.0 => 39281.0,75528.0,52701.0 => 31935.0,66163.0,51144.0
boxes=3: 3475.0,67742.0,34097.0 => 4047.0,65336.0,38344.0 => 5001.0,68428.0,42386.0
boxes=3: 78615.0,75071.0,29893.0 => 82901.0,73444.0,27999.0 => 88910.0,75491.0,24939.0
boxes=2: 20319.0,6353.0,46.0 => 16790.0,8804.0,2561.0
boxes=3: 13726.0,81949.0,27994.0 => 13755.0,85613.0,24590.0 => 13820.0,81849.0,21264.0
boxes=2: 23358.0,13388.0,93066.0 => 19444.0,15007.0,95729.0
boxes=2: 62275.0,36194.0,48637.0 => 59382.0,34009.0,45187.0
boxes=5: 32008.0,63181.0,37037.0 => 34269.0,58756.0,37926.0 => 34605.0,68883.0,39870.0 => 39450.0,53964.0,38978.0 => 39606.0,58097.0,45282.0
boxes=3: 76237.0,74659.0,59598.0 => 77506.0,73889.0,64427.0 => 80142.0,80961.0,61658.0
boxes=3: 31966.0,50248.0,47983.0 => 29581.0,46094.0,46295.0 => 34271.0,54330.0,53032.0
boxes=3: 9277.0,52685.0,5535.0 => 10137.0,49264.0,9200.0 => 8420.0,58933.0,8722.0
boxes=2: 61979.0,71436.0,85182.0 => 63543.0,66582.0,85345.0
boxes=3: 75956.0,25332.0,96483.0 => 79058.0,27383.0,92969.0 => 82057.0,25349.0,97029.0
boxes=3: 5686.0,26028.0,64913.0 => 8524.0,30272.0,64195.0 => 6884.0,23260.0,60232.0
boxes=3: 60843.0,39080.0,31212.0 => 65876.0,37991.0,30827.0 => 54859.0,43124.0,33249.0
boxes=2: 43533.0,35717.0,81724.0 => 42786.0,37707.0,76987.0
boxes=2: 62834.0,85666.0,12321.0 => 67093.0,88611.0,11914.0
boxes=2: 54859.0,43124.0,33249.0 => 53637.0,45685.0,37637.0
boxes=3: 53013.0,29018.0,74873.0 => 53706.0,32456.0,78755.0 => 54853.0,27817.0,69385.0
boxes=4: 26974.0,94153.0,71999.0 => 26333.0,96420.0,67321.0 => 23765.0,94945.0,77387.0 => 33700.0,98994.0,66911.0
boxes=3: 37958.0,55164.0,79476.0 => 38402.0,53920.0,74405.0 => 37591.0,49802.0,84296.0
boxes=2: 32187.0,79134.0,33189.0 => 35304.0,82562.0,35679.0
boxes=4: 92744.0,4567.0,9426.0 => 95473.0,9063.0,8856.0 => 87191.0,6861.0,5306.0 => 94330.0,9286.0,16681.0
boxes=6: 76814.0,61503.0,16140.0 => 80479.0,64861.0,18083.0 => 86023.0,68312.0,17093.0 => 73420.0,61961.0,10281.0 => 87382.0,64444.0,10375.0 => 81731.0,58016.0,10950.0
boxes=5: 50944.0,80888.0,48916.0 => 55755.0,81721.0,46715.0 => 53021.0,76300.0,43945.0 => 62028.0,82703.0,44160.0 => 64929.0,89797.0,42989.0
boxes=2: 17730.0,90399.0,98286.0 => 13578.0,92095.0,95358.0
boxes=3: 27929.0,95312.0,33923.0 => 28810.0,90316.0,35700.0 => 25057.0,88480.0,39390.0
boxes=3: 9648.0,94949.0,18478.0 => 7907.0,96213.0,23477.0 => 4617.0,97800.0,18513.0
boxes=2: 610.0,56378.0,18138.0 => 1153.0,61167.0,15581.0
boxes=3: 69894.0,38465.0,95255.0 => 73467.0,34715.0,93520.0 => 73036.0,41271.0,90355.0
boxes=5: 89027.0,43488.0,41935.0 => 89033.0,45234.0,47135.0 => 84206.0,47031.0,49056.0 => 85940.0,38539.0,41274.0 => 80244.0,41548.0,51713.0
boxes=3: 87382.0,64444.0,10375.0 => 90167.0,68103.0,7239.0 => 85286.0,72989.0,10429.0
boxes=2: 79769.0,11348.0,71187.0 => 77252.0,11350.0,66208.0
boxes=4: 10469.0,1704.0,79350.0 => 9514.0,1676.0,73850.0 => 4629.0,47.0,81500.0 => 15337.0,3574.0,70998.0
boxes=5: 46551.0,12399.0,66720.0 => 45538.0,17608.0,68478.0 => 51766.0,14660.0,70517.0 => 48414.0,8558.0,61185.0 => 52422.0,13626.0,57735.0
boxes=4: 98035.0,96335.0,14747.0 => 99626.0,91085.0,16069.0 => 94828.0,92285.0,11269.0 => 92436.0,98570.0,10822.0
boxes=2: 18489.0,92881.0,19207.0 => 22982.0,91645.0,15969.0
boxes=4: 26301.0,19252.0,62649.0 => 24599.0,16034.0,67035.0 => 29034.0,11985.0,68931.0 => 21245.0,16802.0,73772.0
boxes=2: 42084.0,10586.0,38382.0 => 42983.0,15861.0,40375.0
boxes=3: 83559.0,80102.0,3702.0 => 88772.0,79962.0,6067.0 => 93245.0,76182.0,8424.0
boxes=4: 39281.0,75528.0,52701.0 => 42087.0,75099.0,47727.0 => 34506.0,72353.0,55062.0 => 34045.0,80358.0,51794.0
boxes=3: 25559.0,35780.0,94337.0 => 22656.0,38255.0,98678.0 => 31929.0,36991.0,96032.0
boxes=4: 70971.0,2747.0,35786.0 => 67255.0,6172.0,38713.0 => 75160.0,8290.0,34601.0 => 63645.0,179.0,40424.0
boxes=5: 91373.0,87208.0,28074.0 => 93318.0,82035.0,26140.0 => 99277.0,82290.0,28969.0 => 92361.0,88304.0,21354.0 => 98385.0,76604.0,23865.0
boxes=4: 91739.0,56763.0,68268.0 => 93689.0,62077.0,66740.0 => 92479.0,53162.0,62621.0 => 90594.0,46380.0,60858.0
boxes=2: 20923.0,17557.0,9625.0 => 17267.0,13172.0,11013.0
boxes=7: 93519.0,49017.0,66798.0 => 92479.0,53162.0,62621.0 => 96514.0,47744.0,72386.0 => 97648.0,47142.0,79001.0 => 90560.0,44215.0,71619.0 => 90594.0,46380.0,60858.0 => 93453.0,52631.0,75113.0
boxes=2: 73716.0,36930.0,2310.0 => 72776.0,31031.0,2624.0
boxes=3: 44756.0,29902.0,53808.0 => 40402.0,30705.0,49776.0 => 41694.0,24264.0,50151.0
boxes=2: 41922.0,49632.0,62909.0 => 42842.0,44356.0,65643.0
boxes=2: 69068.0,15295.0,2306.0 => 70905.0,9905.0,4360.0
boxes=2: 26659.0,34878.0,1758.0 => 24618.0,31222.0,6132.0
boxes=2: 33855.0,55823.0,20736.0 => 30079.0,60556.0,20816.0
boxes=5: 13652.0,82133.0,9784.0 => 17494.0,83019.0,14406.0 => 14020.0,84567.0,3682.0 => 17569.0,90324.0,1728.0 => 17810.0,75859.0,7883.0
boxes=3: 22530.0,50866.0,83305.0 => 28247.0,49456.0,81774.0 => 20229.0,46292.0,79190.0
boxes=2: 62349.0,97066.0,50273.0 => 59816.0,93729.0,54692.0
boxes=2: 14650.0,52380.0,47645.0 => 17259.0,47019.0,49131.0
boxes=2: 52804.0,69815.0,20774.0 => 55752.0,71490.0,15639.0
boxes=2: 89877.0,67577.0,21846.0 => 86023.0,68312.0,17093.0
boxes=6: 46256.0,27919.0,27429.0 => 52127.0,27997.0,29376.0 => 55083.0,22422.0,29143.0 => 49779.0,18149.0,31899.0 => 53599.0,14652.0,37336.0 => 55418.0,21834.0,40211.0
boxes=2: 55996.0,75446.0,38589.0 => 53021.0,76300.0,43945.0
boxes=2: 22420.0,70618.0,46728.0 => 26600.0,69000.0,42443.0
boxes=2: 45989.0,83211.0,23517.0 => 41859.0,86573.0,26701.0
boxes=2: 14747.0,66425.0,4014.0 => 15163.0,60187.0,4138.0
boxes=3: 97648.0,47142.0,79001.0 => 96846.0,49287.0,84831.0 => 89996.0,46396.0,86020.0
boxes=2: 39981.0,69657.0,14402.0 => 42997.0,64073.0,14684.0
boxes=2: 34724.0,45491.0,97054.0 => 32343.0,51371.0,97418.0
boxes=5: 34271.0,54330.0,53032.0 => 38414.0,50347.0,55769.0 => 40342.0,56620.0,54440.0 => 35935.0,59884.0,59052.0 => 29857.0,62583.0,62686.0
boxes=2: 96514.0,47744.0,72386.0 => 93453.0,52631.0,75113.0
boxes=2: 65840.0,11955.0,96032.0 => 69445.0,7027.0,97971.0
boxes=2: 21245.0,16802.0,73772.0 => 22383.0,10762.0,75644.0
boxes=2: 33181.0,40280.0,31751.0 => 37854.0,35893.0,31241.0
boxes=2: 90560.0,44215.0,71619.0 => 95536.0,40284.0,70510.0
boxes=2: 57854.0,50882.0,47820.0 => 61728.0,45777.0,47203.0
boxes=2: 14453.0,62161.0,33498.0 => 15559.0,57392.0,37698.0
boxes=4: 78164.0,4072.0,62373.0 => 75343.0,7394.0,57608.0 => 73612.0,7984.0,51122.0 => 70074.0,12841.0,55460.0
boxes=2: 92905.0,86135.0,37577.0 => 97189.0,90351.0,34909.0
boxes=2: 6222.0,27312.0,73697.0 => 11283.0,27763.0,78025.0
boxes=2: 20593.0,28652.0,65753.0 => 20470.0,24514.0,71001.0
boxes=3: 14273.0,11253.0,83284.0 => 18962.0,15215.0,85951.0 => 17184.0,4792.0,86473.0
boxes=3: 140.0,44318.0,5206.0 => 1086.0,43763.0,11861.0 => 1216.0,39769.0,17706.0
boxes=2: 52795.0,7362.0,98319.0 => 50318.0,12220.0,94307.0
boxes=3: 57190.0,40868.0,5469.0 => 52923.0,38742.0,646.0 => 53203.0,46528.0,6624.0
boxes=2: 65139.0,79042.0,39356.0 => 62028.0,82703.0,44160.0
boxes=2: 46819.0,2507.0,58534.0 => 48414.0,8558.0,61185.0
boxes=5: 12846.0,67364.0,83668.0 => 6522.0,68486.0,86028.0 => 7912.0,75184.0,85288.0 => 2875.0,64025.0,82133.0 => 14251.0,75166.0,89030.0
boxes=2: 20195.0,1760.0,14514.0 => 26447.0,3641.0,12413.0
boxes=4: 51061.0,23983.0,35367.0 => 55418.0,21834.0,40211.0 => 49779.0,18149.0,31899.0 => 44747.0,15508.0,27679.0
boxes=2: 63329.0,20327.0,16155.0 => 61609.0,15158.0,11978.0
boxes=2: 99742.0,2462.0,37938.0 => 95883.0,6654.0,34064.0
boxes=2: 37309.0,83371.0,46496.0 => 34045.0,80358.0,51794.0
boxes=2: 49090.0,84628.0,63141.0 => 53534.0,89228.0,65848.0
boxes=2: 14777.0,32047.0,30355.0 => 10274.0,29668.0,35098.0
boxes=2: 5805.0,87076.0,53447.0 => 2465.0,88180.0,47395.0
boxes=4: 95162.0,36001.0,8910.0 => 96470.0,42600.0,10997.0 => 98131.0,39056.0,3013.0 => 90576.0,47401.0,10213.0
boxes=4: 96463.0,21992.0,77878.0 => 98999.0,24846.0,83853.0 => 96532.0,30223.0,88484.0 => 99116.0,15363.0,80375.0
boxes=2: 55676.0,77055.0,95750.0 => 50091.0,81451.0,96148.0
boxes=2: 70363.0,29913.0,44729.0 => 67980.0,30234.0,51511.0
boxes=2: 74946.0,76466.0,40658.0 => 74541.0,83523.0,38911.0
boxes=2: 8657.0,59875.0,89696.0 => 6789.0,58948.0,96674.0
boxes=2: 47762.0,43797.0,24976.0 => 47104.0,45074.0,17780.0
boxes=2: 96020.0,76084.0,16922.0 => 98385.0,76604.0,23865.0
boxes=2: 68245.0,93886.0,20080.0 => 71247.0,95138.0,26753.0
boxes=2: 84587.0,25471.0,17452.0 => 88308.0,31903.0,17180.0
boxes=3: 28722.0,11507.0,83916.0 => 34728.0,9042.0,87717.0 => 34254.0,8726.0,79076.0
boxes=3: 3306.0,75740.0,95539.0 => 9175.0,72471.0,99022.0 => 4116.0,68123.0,93747.0
boxes=3: 92695.0,6725.0,61726.0 => 98564.0,11536.0,61484.0 => 93197.0,8125.0,69399.0
boxes=2: 79080.0,49322.0,64967.0 => 75235.0,53900.0,69690.0
boxes=2: 63323.0,38732.0,12262.0 => 67700.0,39598.0,18582.0
boxes=2: 65390.0,89438.0,91064.0 => 59280.0,93831.0,88915.0
boxes=2: 87676.0,27194.0,64847.0 => 89797.0,25634.0,72267.0
boxes=2: 58711.0,8776.0,18346.0 => 63769.0,5442.0,23423.0]
2025-12-08 21:12:19,019 DEBUG  : combined 121, initial_count=281, len(combined_circuits)=160
2025-12-08 21:12:20,086 DEBUG  : combined 14, initial_count=160, len(combined_circuits)=146
2025-12-08 21:12:21,205 DEBUG  : combined 1, initial_count=146, len(combined_circuits)=145
2025-12-08 21:12:22,373 INFO   : finished combining 281 circuits into 145 circuits
2025-12-08 21:12:22,374 INFO   : combined_circuits=[
boxes=53: 25212.0,42527.0,36128.0 => 24671.0,41533.0,35930.0 => 23884.0,43652.0,37027.0 => 24407.0,42896.0,41278.0 => 28597.0,42699.0,39913.0 => 32358.0,44194.0,42113.0 => 30580.0,44618.0,35876.0 => 31376.0,44070.0,40679.0 => 20150.0,47080.0,37885.0 => 29581.0,46094.0,46295.0 => 23792.0,44169.0,46657.0 => 23419.0,45409.0,42618.0 => 21989.0,43400.0,46928.0 => 17259.0,47019.0,49131.0 => 33181.0,40280.0,31751.0 => 38303.0,46912.0,42450.0 => 21382.0,42091.0,53499.0 => 27454.0,42624.0,27804.0 => 19518.0,50498.0,31391.0 => 21514.0,34879.0,35700.0 => 31332.0,49929.0,30732.0 => 26477.0,55050.0,27447.0 => 39450.0,53964.0,38978.0 => 22847.0,40931.0,50316.0 => 24123.0,35529.0,49023.0 => 20439.0,35342.0,42112.0 => 15311.0,39648.0,37944.0 => 14837.0,38993.0,39971.0 => 8662.0,37522.0,43341.0 => 21622.0,31033.0,36091.0 => 21559.0,29544.0,29029.0 => 14777.0,32047.0,30355.0 => 25920.0,59230.0,25248.0 => 21569.0,60917.0,21987.0 => 26642.0,59682.0,31073.0 => 30079.0,60556.0,20816.0 => 24879.0,50548.0,23059.0 => 31387.0,47156.0,21207.0 => 36044.0,47087.0,22476.0 => 32008.0,63181.0,37037.0 => 34269.0,58756.0,37926.0 => 34605.0,68883.0,39870.0 => 39606.0,58097.0,45282.0 => 31966.0,50248.0,47983.0 => 34271.0,54330.0,53032.0 => 33855.0,55823.0,20736.0 => 14650.0,52380.0,47645.0 => 38414.0,50347.0,55769.0 => 40342.0,56620.0,54440.0 => 35935.0,59884.0,59052.0 => 29857.0,62583.0,62686.0 => 37854.0,35893.0,31241.0 => 10274.0,29668.0,35098.0
boxes=48: 47981.0,43292.0,93298.0 => 49147.0,42172.0,93667.0 => 48143.0,46940.0,94263.0 => 52100.0,39430.0,89642.0 => 50928.0,36606.0,84814.0 => 46455.0,41110.0,81926.0 => 42786.0,37707.0,76987.0 => 45224.0,37309.0,97589.0 => 42556.0,39675.0,88310.0 => 41438.0,41809.0,89585.0 => 43533.0,35717.0,81724.0 => 53706.0,32456.0,78755.0 => 35345.0,41083.0,90099.0 => 34447.0,43716.0,87605.0 => 37591.0,49802.0,84296.0 => 41601.0,54152.0,89540.0 => 57054.0,28723.0,80755.0 => 58967.0,31367.0,81213.0 => 53464.0,27696.0,84905.0 => 53866.0,23893.0,80740.0 => 55323.0,24174.0,90245.0 => 53013.0,29018.0,74873.0 => 39483.0,63456.0,94201.0 => 42307.0,63652.0,91854.0 => 44511.0,60723.0,92720.0 => 42810.0,67484.0,96025.0 => 48753.0,67269.0,94213.0 => 32571.0,61253.0,92924.0 => 30708.0,62438.0,89896.0 => 31643.0,56815.0,91604.0 => 31326.0,66213.0,94487.0 => 25216.0,66611.0,96602.0 => 43853.0,42827.0,79345.0 => 46686.0,41347.0,76199.0 => 50259.0,40348.0,71922.0 => 41020.0,35575.0,97930.0 => 54853.0,27817.0,69385.0 => 37958.0,55164.0,79476.0 => 38402.0,53920.0,74405.0 => 31826.0,43715.0,71559.0 => 31848.0,44837.0,69242.0 => 36151.0,47083.0,74977.0 => 32702.0,58337.0,73387.0 => 63276.0,27118.0,64212.0 => 60414.0,28900.0,66576.0 => 66941.0,29231.0,65288.0 => 63660.0,27099.0,70030.0 => 69104.0,33826.0,69655.0
boxes=38: 17069.0,68223.0,44271.0 => 15772.0,68557.0,43811.0 => 18798.0,70053.0,38533.0 => 22420.0,70618.0,46728.0 => 13620.0,69500.0,34816.0 => 19862.0,75986.0,34244.0 => 17327.0,68654.0,31351.0 => 14453.0,62161.0,33498.0 => 18021.0,77849.0,31465.0 => 16517.0,77574.0,36043.0 => 10136.0,67447.0,36418.0 => 4047.0,65336.0,38344.0 => 3475.0,67742.0,34097.0 => 5001.0,68428.0,42386.0 => 26600.0,69000.0,42443.0 => 15559.0,57392.0,37698.0 => 18990.0,83368.0,31096.0 => 21660.0,82818.0,29648.0 => 23424.0,82497.0,25832.0 => 13726.0,81949.0,27994.0 => 13820.0,81849.0,21264.0 => 29714.0,83033.0,29014.0 => 6750.0,82292.0,20876.0 => 17494.0,83019.0,14406.0 => 32057.0,81207.0,27814.0 => 32187.0,79134.0,33189.0 => 29908.0,89168.0,27889.0 => 35304.0,82562.0,35679.0 => 5930.0,79492.0,12316.0 => 6443.0,78765.0,10599.0 => 8807.0,80532.0,19148.0 => 12948.0,76524.0,18607.0 => 20093.0,77078.0,18121.0 => 13755.0,85613.0,24590.0 => 13652.0,82133.0,9784.0 => 14020.0,84567.0,3682.0 => 17569.0,90324.0,1728.0 => 17810.0,75859.0,7883.0
boxes=29: 75724.0,62227.0,30332.0 => 75187.0,61780.0,30689.0 => 77120.0,64468.0,30915.0 => 70207.0,62450.0,34435.0 => 80026.0,60256.0,25868.0 => 75191.0,69908.0,26544.0 => 83938.0,63541.0,28028.0 => 85623.0,61506.0,24556.0 => 89877.0,67577.0,21846.0 => 71310.0,77051.0,21345.0 => 72534.0,72484.0,22081.0 => 78615.0,75071.0,29893.0 => 82901.0,73444.0,27999.0 => 88910.0,75491.0,24939.0 => 86023.0,68312.0,17093.0 => 68113.0,74622.0,18367.0 => 69491.0,74053.0,16617.0 => 64138.0,74915.0,20562.0 => 59188.0,80498.0,21645.0 => 75094.0,74519.0,11447.0 => 61629.0,82047.0,19412.0 => 57838.0,74651.0,25241.0 => 76814.0,61503.0,16140.0 => 80479.0,64861.0,18083.0 => 73420.0,61961.0,10281.0 => 87382.0,64444.0,10375.0 => 81731.0,58016.0,10950.0 => 90167.0,68103.0,7239.0 => 85286.0,72989.0,10429.0
boxes=29: 84303.0,79522.0,73270.0 => 83004.0,80955.0,73228.0 => 82584.0,81239.0,77254.0 => 85685.0,85211.0,73778.0 => 80313.0,83423.0,69115.0 => 85983.0,90073.0,78463.0 => 84658.0,72080.0,73622.0 => 79148.0,73206.0,79013.0 => 80142.0,80961.0,61658.0 => 87320.0,89596.0,86201.0 => 83133.0,85256.0,87782.0 => 83146.0,87427.0,86603.0 => 91434.0,87349.0,89369.0 => 77885.0,82274.0,88844.0 => 81345.0,79813.0,85553.0 => 74684.0,79101.0,86088.0 => 75139.0,82073.0,87411.0 => 81633.0,78670.0,89052.0 => 77333.0,87844.0,82405.0 => 80201.0,71582.0,82664.0 => 80987.0,66767.0,84659.0 => 75013.0,69422.0,82482.0 => 79036.0,70815.0,88686.0 => 75953.0,64838.0,78167.0 => 80477.0,66660.0,72850.0 => 76799.0,67862.0,66627.0 => 76178.0,63853.0,68973.0 => 77506.0,73889.0,64427.0 => 76237.0,74659.0,59598.0
boxes=23: 29870.0,60643.0,45985.0 => 30290.0,58645.0,45235.0 => 23371.0,56987.0,42660.0 => 31935.0,66163.0,51144.0 => 39908.0,69815.0,57750.0 => 42214.0,65816.0,59416.0 => 42956.0,66021.0,54107.0 => 34506.0,72353.0,55062.0 => 39281.0,75528.0,52701.0 => 42087.0,75099.0,47727.0 => 34045.0,80358.0,51794.0 => 37309.0,83371.0,46496.0 => 25129.0,80703.0,51615.0 => 26682.0,77733.0,51495.0 => 25826.0,78506.0,46391.0 => 25524.0,86134.0,53016.0 => 21788.0,74660.0,55431.0 => 24490.0,88169.0,49958.0 => 48767.0,60851.0,50113.0 => 48081.0,60952.0,54546.0 => 49045.0,56441.0,54110.0 => 51382.0,54915.0,50152.0 => 53242.0,57661.0,57257.0
boxes=18: 40553.0,76835.0,24521.0 => 40484.0,77134.0,25086.0 => 44373.0,73802.0,26930.0 => 40398.0,72471.0,30416.0 => 50515.0,73366.0,29040.0 => 34441.0,68862.0,29988.0 => 46539.0,77249.0,20075.0 => 48901.0,80619.0,15880.0 => 44884.0,82953.0,16806.0 => 45989.0,83211.0,23517.0 => 41859.0,86573.0,26701.0 => 50187.0,91492.0,31871.0 => 48019.0,88676.0,29607.0 => 47329.0,88403.0,34324.0 => 44241.0,91723.0,36416.0 => 45928.0,83213.0,33010.0 => 49177.0,92999.0,26127.0 => 47779.0,97410.0,29632.0
boxes=18: 89933.0,53073.0,53008.0 => 91226.0,53902.0,55104.0 => 94424.0,51817.0,55577.0 => 92479.0,53162.0,62621.0 => 91739.0,56763.0,68268.0 => 93689.0,62077.0,66740.0 => 90594.0,46380.0,60858.0 => 93519.0,49017.0,66798.0 => 96514.0,47744.0,72386.0 => 97648.0,47142.0,79001.0 => 90560.0,44215.0,71619.0 => 93453.0,52631.0,75113.0 => 96846.0,49287.0,84831.0 => 89996.0,46396.0,86020.0 => 95536.0,40284.0,70510.0 => 94954.0,37352.0,61165.0 => 96289.0,40707.0,61200.0 => 99395.0,42024.0,64637.0
boxes=18: 67984.0,43590.0,49867.0 => 65850.0,41666.0,51988.0 => 61728.0,45777.0,47203.0 => 62275.0,36194.0,48637.0 => 59382.0,34009.0,45187.0 => 57854.0,50882.0,47820.0 => 54855.0,35663.0,38858.0 => 53412.0,34713.0,34700.0 => 48794.0,33061.0,31845.0 => 52127.0,27997.0,29376.0 => 54550.0,39928.0,44128.0 => 46256.0,27919.0,27429.0 => 51061.0,23983.0,35367.0 => 55083.0,22422.0,29143.0 => 49779.0,18149.0,31899.0 => 53599.0,14652.0,37336.0 => 55418.0,21834.0,40211.0 => 44747.0,15508.0,27679.0
boxes=17: 79919.0,12539.0,49680.0 => 79281.0,12922.0,52199.0 => 79144.0,10977.0,47138.0 => 76536.0,16519.0,52801.0 => 75289.0,22139.0,51958.0 => 78540.0,18055.0,56504.0 => 77351.0,6655.0,41980.0 => 73612.0,7984.0,51122.0 => 75160.0,8290.0,34601.0 => 70074.0,12841.0,55460.0 => 72665.0,24203.0,54404.0 => 78687.0,19817.0,62273.0 => 70971.0,2747.0,35786.0 => 67255.0,6172.0,38713.0 => 63645.0,179.0,40424.0 => 78164.0,4072.0,62373.0 => 75343.0,7394.0,57608.0
boxes=15: 2888.0,35746.0,62495.0 => 6704.0,34552.0,60529.0 => 8524.0,30272.0,64195.0 => 5686.0,26028.0,64913.0 => 6884.0,23260.0,60232.0 => 11836.0,14816.0,51064.0 => 7427.0,16736.0,51006.0 => 3911.0,19421.0,54799.0 => 11598.0,21798.0,47672.0 => 11960.0,25689.0,54377.0 => 16141.0,24697.0,56642.0 => 21365.0,26903.0,56982.0 => 22295.0,33569.0,60123.0 => 20593.0,28652.0,65753.0 => 20470.0,24514.0,71001.0
boxes=14: 28739.0,14343.0,33390.0 => 28520.0,16691.0,32331.0 => 30164.0,21006.0,25886.0 => 23716.0,9788.0,25378.0 => 22130.0,12153.0,26836.0 => 26721.0,8073.0,23571.0 => 22602.0,16569.0,24745.0 => 27336.0,17177.0,20272.0 => 15862.0,12281.0,24864.0 => 18256.0,18712.0,24917.0 => 27390.0,19431.0,17516.0 => 28448.0,19947.0,10197.0 => 20923.0,17557.0,9625.0 => 17267.0,13172.0,11013.0
boxes=14: 93175.0,16013.0,39436.0 => 95730.0,16357.0,40763.0 => 90344.0,13977.0,40957.0 => 86433.0,15126.0,41085.0 => 94811.0,10530.0,41279.0 => 94619.0,8227.0,48004.0 => 97293.0,12072.0,47842.0 => 92202.0,1285.0,47851.0 => 99680.0,15545.0,47931.0 => 97229.0,17110.0,56159.0 => 99450.0,18871.0,53726.0 => 98564.0,11536.0,61484.0 => 92695.0,6725.0,61726.0 => 93197.0,8125.0,69399.0
boxes=13: 62329.0,76535.0,33045.0 => 62619.0,77495.0,32840.0 => 60511.0,74560.0,33149.0 => 62894.0,69383.0,37269.0 => 55996.0,75446.0,38589.0 => 65139.0,79042.0,39356.0 => 53021.0,76300.0,43945.0 => 62028.0,82703.0,44160.0 => 54196.0,74535.0,55851.0 => 55848.0,76616.0,52997.0 => 50944.0,80888.0,48916.0 => 55755.0,81721.0,46715.0 => 64929.0,89797.0,42989.0
boxes=12: 18095.0,13046.0,63831.0 => 19679.0,10640.0,63868.0 => 22866.0,5569.0,68155.0 => 11032.0,13791.0,60543.0 => 24599.0,16034.0,67035.0 => 12313.0,9215.0,59461.0 => 10908.0,5815.0,62760.0 => 15862.0,3859.0,61952.0 => 26301.0,19252.0,62649.0 => 29034.0,11985.0,68931.0 => 21245.0,16802.0,73772.0 => 22383.0,10762.0,75644.0
boxes=10: 41125.0,71447.0,77988.0 => 41662.0,70921.0,76791.0 => 42757.0,75468.0,79489.0 => 45101.0,82190.0,79701.0 => 47525.0,83717.0,72756.0 => 44853.0,80671.0,72161.0 => 48902.0,88464.0,71206.0 => 42404.0,76882.0,69587.0 => 53534.0,89228.0,65848.0 => 49090.0,84628.0,63141.0
boxes=10: 58243.0,84923.0,2167.0 => 56796.0,83407.0,2571.0 => 51425.0,80544.0,2468.0 => 64721.0,85710.0,4226.0 => 44620.0,83884.0,1408.0 => 43583.0,79633.0,1176.0 => 36347.0,81596.0,1408.0 => 35775.0,83340.0,3564.0 => 31108.0,79228.0,885.0 => 30390.0,85234.0,6568.0
boxes=10: 21340.0,60832.0,59663.0 => 19661.0,59020.0,60444.0 => 20027.0,63496.0,55741.0 => 15889.0,63498.0,60201.0 => 14650.0,57313.0,63300.0 => 15707.0,62297.0,51144.0 => 16885.0,64566.0,66883.0 => 12895.0,51260.0,66518.0 => 14393.0,65810.0,68476.0 => 8633.0,65070.0,66781.0
boxes=10: 30821.0,16535.0,78238.0 => 31023.0,19276.0,80226.0 => 29902.0,23431.0,85532.0 => 27694.0,30229.0,84803.0 => 27433.0,24500.0,90057.0 => 28722.0,11507.0,83916.0 => 31714.0,27346.0,83248.0 => 34250.0,27837.0,76821.0 => 34728.0,9042.0,87717.0 => 34254.0,8726.0,79076.0
boxes=9: 78870.0,59895.0,90816.0 => 77831.0,59928.0,88462.0 => 83485.0,61508.0,90983.0 => 83016.0,61411.0,95034.0 => 86157.0,57808.0,85708.0 => 90077.0,55594.0,91152.0 => 85277.0,50020.0,91468.0 => 89012.0,64715.0,98189.0 => 86663.0,60886.0,82293.0
boxes=8: 83982.0,87771.0,23691.0 => 81739.0,87192.0,21675.0 => 79609.0,90096.0,29701.0 => 80871.0,91229.0,33674.0 => 80874.0,98288.0,33644.0 => 83141.0,96029.0,38676.0 => 76254.0,99028.0,38287.0 => 75609.0,97261.0,33832.0
boxes=8: 90600.0,82049.0,14846.0 => 93505.0,82942.0,15963.0 => 96020.0,76084.0,16922.0 => 92361.0,88304.0,21354.0 => 93318.0,82035.0,26140.0 => 91373.0,87208.0,28074.0 => 99277.0,82290.0,28969.0 => 98385.0,76604.0,23865.0
boxes=8: 13973.0,45156.0,83226.0 => 15360.0,41076.0,84027.0 => 19735.0,44394.0,86018.0 => 9774.0,39303.0,84371.0 => 20229.0,46292.0,79190.0 => 23100.0,41573.0,83981.0 => 22530.0,50866.0,83305.0 => 28247.0,49456.0,81774.0
boxes=7: 8171.0,17205.0,12093.0 => 9441.0,18333.0,9914.0 => 6534.0,19576.0,14562.0 => 7264.0,19903.0,7214.0 => 9477.0,10932.0,8557.0 => 9978.0,7518.0,11927.0 => 12087.0,5663.0,16683.0
boxes=7: 94241.0,11636.0,87204.0 => 91494.0,10645.0,88111.0 => 94999.0,7946.0,82643.0 => 85219.0,10413.0,84540.0 => 96377.0,763.0,85766.0 => 94235.0,4403.0,81957.0 => 90719.0,1340.0,79383.0
boxes=7: 47317.0,56431.0,33211.0 => 45257.0,54967.0,30804.0 => 49213.0,57242.0,30320.0 => 51307.0,63518.0,28427.0 => 53024.0,53956.0,24926.0 => 56652.0,51414.0,23319.0 => 57817.0,44775.0,21111.0
boxes=7: 84547.0,83818.0,46994.0 => 87362.0,85792.0,48538.0 => 85328.0,88970.0,43192.0 => 86803.0,95737.0,46443.0 => 83988.0,95243.0,48904.0 => 80984.0,90774.0,53394.0 => 86251.0,88900.0,57634.0
boxes=7: 83809.0,13239.0,2470.0 => 81148.0,15536.0,4637.0 => 86024.0,14523.0,7360.0 => 87191.0,6861.0,5306.0 => 92744.0,4567.0,9426.0 => 95473.0,9063.0,8856.0 => 94330.0,9286.0,16681.0
boxes=7: 84506.0,35125.0,36616.0 => 88854.0,33460.0,37549.0 => 85940.0,38539.0,41274.0 => 89027.0,43488.0,41935.0 => 89033.0,45234.0,47135.0 => 84206.0,47031.0,49056.0 => 80244.0,41548.0,51713.0
boxes=6: 19777.0,6672.0,33307.0 => 19800.0,6835.0,34110.0 => 19009.0,9003.0,33836.0 => 15669.0,3852.0,32710.0 => 15659.0,12662.0,34885.0 => 10896.0,18548.0,36628.0
boxes=6: 54193.0,23824.0,6901.0 => 54484.0,25178.0,7271.0 => 50448.0,26781.0,10685.0 => 53196.0,16798.0,9407.0 => 48165.0,23598.0,11471.0 => 53559.0,19400.0,13351.0
boxes=6: 69989.0,23101.0,36691.0 => 68491.0,23980.0,36820.0 => 68088.0,22291.0,34966.0 => 64553.0,22859.0,39045.0 => 66177.0,17326.0,41143.0 => 62525.0,17472.0,43297.0
boxes=6: 22377.0,75311.0,86618.0 => 25404.0,74298.0,85868.0 => 25320.0,76965.0,88703.0 => 25400.0,82650.0,91315.0 => 27991.0,78741.0,89981.0 => 22958.0,74643.0,94856.0
boxes=6: 2454.0,19516.0,74796.0 => 5890.0,19884.0,74252.0 => 5701.0,15958.0,75691.0 => 9923.0,21265.0,75073.0 => 6222.0,27312.0,73697.0 => 11283.0,27763.0,78025.0
boxes=6: 61116.0,86649.0,81005.0 => 63156.0,85313.0,78489.0 => 64693.0,88736.0,77785.0 => 65635.0,83802.0,81873.0 => 68036.0,86844.0,83762.0 => 66536.0,80769.0,88324.0
boxes=6: 73435.0,4760.0,11589.0 => 72938.0,1647.0,9731.0 => 78056.0,8556.0,16071.0 => 82985.0,5630.0,20933.0 => 79979.0,5958.0,24104.0 => 84306.0,5451.0,28055.0
boxes=6: 54970.0,55740.0,77895.0 => 57408.0,53067.0,78690.0 => 55787.0,56098.0,73893.0 => 54814.0,49100.0,81652.0 => 56578.0,55791.0,85560.0 => 52344.0,54618.0,87464.0
boxes=6: 66297.0,87516.0,24174.0 => 69509.0,85715.0,25500.0 => 63577.0,88996.0,30261.0 => 70958.0,89272.0,32152.0 => 68245.0,93886.0,20080.0 => 71247.0,95138.0,26753.0
boxes=6: 9840.0,88396.0,96699.0 => 6487.0,87748.0,94720.0 => 6465.0,92910.0,95439.0 => 13578.0,92095.0,95358.0 => 15835.0,95480.0,90924.0 => 17730.0,90399.0,98286.0
boxes=6: 47100.0,12013.0,82907.0 => 43421.0,13482.0,82265.0 => 48503.0,10137.0,78477.0 => 43890.0,12360.0,74529.0 => 46092.0,18886.0,79674.0 => 40154.0,19495.0,76464.0
boxes=6: 46551.0,12399.0,66720.0 => 45538.0,17608.0,68478.0 => 51766.0,14660.0,70517.0 => 48414.0,8558.0,61185.0 => 52422.0,13626.0,57735.0 => 46819.0,2507.0,58534.0
boxes=5: 94515.0,38263.0,45302.0 => 95497.0,38406.0,46248.0 => 97431.0,33186.0,49496.0 => 97015.0,26757.0,50856.0 => 95135.0,28624.0,44189.0
boxes=5: 61619.0,1718.0,65134.0 => 59456.0,678.0,65226.0 => 66360.0,1797.0,65531.0 => 63411.0,487.0,58650.0 => 66736.0,4968.0,72733.0
boxes=5: 94867.0,22210.0,23266.0 => 95274.0,20156.0,21620.0 => 96600.0,15967.0,24523.0 => 95699.0,29004.0,25834.0 => 94019.0,32326.0,27215.0
boxes=5: 70260.0,65287.0,88444.0 => 68472.0,63830.0,90436.0 => 72176.0,65415.0,92881.0 => 63543.0,66582.0,85345.0 => 61979.0,71436.0,85182.0
boxes=5: 44545.0,23913.0,56346.0 => 48078.0,22862.0,57641.0 => 44756.0,29902.0,53808.0 => 41694.0,24264.0,50151.0 => 40402.0,30705.0,49776.0
boxes=5: 22887.0,92808.0,42428.0 => 24927.0,95684.0,40547.0 => 25057.0,88480.0,39390.0 => 27929.0,95312.0,33923.0 => 28810.0,90316.0,35700.0
boxes=5: 70.0,69819.0,7660.0 => 4402.0,69262.0,8891.0 => 7323.0,68833.0,14750.0 => 9555.0,68693.0,21556.0 => 7231.0,71964.0,2570.0
boxes=5: 62695.0,98716.0,67490.0 => 58751.0,97468.0,65454.0 => 63660.0,93591.0,64089.0 => 68517.0,88694.0,64150.0 => 68268.0,84073.0,70576.0
boxes=5: 30082.0,4630.0,3730.0 => 27181.0,7440.0,1216.0 => 29006.0,11577.0,5326.0 => 20319.0,6353.0,46.0 => 16790.0,8804.0,2561.0
boxes=5: 38987.0,39689.0,15886.0 => 39398.0,38538.0,20620.0 => 40087.0,44946.0,14929.0 => 47104.0,45074.0,17780.0 => 47762.0,43797.0,24976.0
boxes=5: 12846.0,67364.0,83668.0 => 6522.0,68486.0,86028.0 => 7912.0,75184.0,85288.0 => 2875.0,64025.0,82133.0 => 14251.0,75166.0,89030.0
boxes=4: 46812.0,89439.0,94378.0 => 47293.0,89732.0,94290.0 => 46142.0,92709.0,98081.0 => 44788.0,90084.0,99762.0
boxes=4: 95054.0,69322.0,75224.0 => 95585.0,68994.0,75545.0 => 96691.0,62455.0,74752.0 => 99680.0,60790.0,80988.0
boxes=4: 78524.0,21956.0,71909.0 => 79369.0,22061.0,72113.0 => 82382.0,22801.0,71202.0 => 77826.0,28073.0,71702.0
boxes=4: 51149.0,98999.0,17841.0 => 49565.0,98373.0,18197.0 => 52130.0,95488.0,15516.0 => 55578.0,98183.0,13871.0
boxes=4: 40514.0,28264.0,19708.0 => 41341.0,26119.0,19698.0 => 34507.0,31223.0,21770.0 => 28314.0,34785.0,22622.0
boxes=4: 43166.0,98486.0,61557.0 => 40978.0,99228.0,62826.0 => 43896.0,97529.0,64255.0 => 41837.0,99284.0,70788.0
boxes=4: 37673.0,11284.0,4628.0 => 38058.0,13609.0,3355.0 => 37167.0,13729.0,8009.0 => 42299.0,6687.0,7912.0
boxes=4: 63801.0,57470.0,60118.0 => 65754.0,55399.0,61320.0 => 66915.0,50513.0,58300.0 => 68698.0,60884.0,61441.0
boxes=4: 83089.0,53926.0,76734.0 => 79767.0,55373.0,76737.0 => 82627.0,50009.0,76504.0 => 80994.0,49124.0,82315.0
boxes=4: 67787.0,21122.0,86041.0 => 67653.0,23361.0,89124.0 => 65048.0,18071.0,79989.0 => 67594.0,20803.0,73087.0
boxes=4: 59563.0,3169.0,90234.0 => 57248.0,1482.0,87293.0 => 64317.0,3473.0,90520.0 => 53415.0,5373.0,83170.0
boxes=4: 10815.0,11739.0,69218.0 => 10611.0,15881.0,68866.0 => 4664.0,14179.0,66764.0 => 267.0,14440.0,61256.0
boxes=4: 26860.0,95914.0,95051.0 => 28919.0,99003.0,96960.0 => 30014.0,92590.0,97856.0 => 26838.0,89982.0,98718.0
boxes=4: 78822.0,16522.0,35426.0 => 78532.0,20430.0,33961.0 => 78625.0,26484.0,33175.0 => 81820.0,23420.0,39375.0
boxes=4: 60843.0,39080.0,31212.0 => 65876.0,37991.0,30827.0 => 54859.0,43124.0,33249.0 => 53637.0,45685.0,37637.0
boxes=4: 26974.0,94153.0,71999.0 => 26333.0,96420.0,67321.0 => 23765.0,94945.0,77387.0 => 33700.0,98994.0,66911.0
boxes=4: 10469.0,1704.0,79350.0 => 9514.0,1676.0,73850.0 => 4629.0,47.0,81500.0 => 15337.0,3574.0,70998.0
boxes=4: 98035.0,96335.0,14747.0 => 99626.0,91085.0,16069.0 => 94828.0,92285.0,11269.0 => 92436.0,98570.0,10822.0
boxes=4: 95162.0,36001.0,8910.0 => 96470.0,42600.0,10997.0 => 98131.0,39056.0,3013.0 => 90576.0,47401.0,10213.0
boxes=4: 96463.0,21992.0,77878.0 => 98999.0,24846.0,83853.0 => 96532.0,30223.0,88484.0 => 99116.0,15363.0,80375.0
boxes=3: 61647.0,55125.0,9396.0 => 62849.0,55070.0,8651.0 => 61939.0,53626.0,11611.0
boxes=3: 9482.0,1728.0,4935.0 => 11247.0,1849.0,4843.0 => 10014.0,3930.0,748.0
boxes=3: 16849.0,52766.0,18568.0 => 18542.0,53165.0,17983.0 => 19928.0,56724.0,14761.0
boxes=3: 67526.0,30470.0,97469.0 => 66769.0,28778.0,97390.0 => 61798.0,28555.0,93478.0
boxes=3: 58384.0,64249.0,23306.0 => 59134.0,64587.0,21555.0 => 57799.0,60727.0,15698.0
boxes=3: 79335.0,55484.0,53910.0 => 78838.0,57490.0,55773.0 => 83021.0,55158.0,59179.0
boxes=3: 65522.0,18172.0,65203.0 => 64202.0,17095.0,62210.0 => 58534.0,17938.0,65958.0
boxes=3: 32360.0,97785.0,11458.0 => 35030.0,98013.0,9039.0 => 35159.0,97681.0,1838.0
boxes=3: 53188.0,1536.0,32044.0 => 54975.0,4631.0,30510.0 => 50752.0,1190.0,38998.0
boxes=3: 1885.0,4126.0,91125.0 => 1864.0,5401.0,87266.0 => 5004.0,6093.0,95637.0
boxes=3: 9277.0,52685.0,5535.0 => 10137.0,49264.0,9200.0 => 8420.0,58933.0,8722.0
boxes=3: 75956.0,25332.0,96483.0 => 79058.0,27383.0,92969.0 => 82057.0,25349.0,97029.0
boxes=3: 9648.0,94949.0,18478.0 => 7907.0,96213.0,23477.0 => 4617.0,97800.0,18513.0
boxes=3: 69894.0,38465.0,95255.0 => 73467.0,34715.0,93520.0 => 73036.0,41271.0,90355.0
boxes=3: 83559.0,80102.0,3702.0 => 88772.0,79962.0,6067.0 => 93245.0,76182.0,8424.0
boxes=3: 25559.0,35780.0,94337.0 => 22656.0,38255.0,98678.0 => 31929.0,36991.0,96032.0
boxes=3: 14273.0,11253.0,83284.0 => 18962.0,15215.0,85951.0 => 17184.0,4792.0,86473.0
boxes=3: 140.0,44318.0,5206.0 => 1086.0,43763.0,11861.0 => 1216.0,39769.0,17706.0
boxes=3: 57190.0,40868.0,5469.0 => 52923.0,38742.0,646.0 => 53203.0,46528.0,6624.0
boxes=3: 3306.0,75740.0,95539.0 => 9175.0,72471.0,99022.0 => 4116.0,68123.0,93747.0
boxes=2: 46356.0,21759.0,1792.0 => 46200.0,22424.0,2656.0
boxes=2: 42073.0,54906.0,17542.0 => 41810.0,54323.0,18893.0
boxes=2: 39475.0,79606.0,89888.0 => 39894.0,81285.0,89062.0
boxes=2: 72969.0,96106.0,89802.0 => 73606.0,97536.0,91340.0
boxes=2: 181.0,75373.0,66037.0 => 941.0,77329.0,67090.0
boxes=2: 8026.0,57237.0,77781.0 => 9965.0,58387.0,76675.0
boxes=2: 61620.0,35941.0,73653.0 => 60079.0,37939.0,74131.0
boxes=2: 69055.0,69458.0,3830.0 => 68340.0,69790.0,308.0
boxes=2: 10819.0,27046.0,23139.0 => 14028.0,28115.0,21179.0
boxes=2: 57175.0,55782.0,95222.0 => 55012.0,56038.0,98638.0
boxes=2: 94643.0,43326.0,96712.0 => 93378.0,39433.0,96546.0
boxes=2: 34572.0,92040.0,21081.0 => 37642.0,93565.0,23781.0
boxes=2: 13179.0,93071.0,10975.0 => 16444.0,90053.0,10441.0
boxes=2: 79657.0,94047.0,14324.0 => 79897.0,96977.0,17766.0
boxes=2: 22145.0,53913.0,54699.0 => 25813.0,51761.0,56479.0
boxes=2: 68515.0,63125.0,21454.0 => 68266.0,58768.0,19961.0
boxes=2: 21385.0,56244.0,929.0 => 20459.0,52087.0,2764.0
boxes=2: 61815.0,79029.0,67202.0 => 60331.0,82831.0,69426.0
boxes=2: 7573.0,65021.0,56714.0 => 3045.0,65738.0,58224.0
boxes=2: 30041.0,96448.0,83862.0 => 34707.0,96837.0,85117.0
boxes=2: 16849.0,74278.0,70779.0 => 15059.0,74346.0,75288.0
boxes=2: 23358.0,13388.0,93066.0 => 19444.0,15007.0,95729.0
boxes=2: 62834.0,85666.0,12321.0 => 67093.0,88611.0,11914.0
boxes=2: 610.0,56378.0,18138.0 => 1153.0,61167.0,15581.0
boxes=2: 79769.0,11348.0,71187.0 => 77252.0,11350.0,66208.0
boxes=2: 18489.0,92881.0,19207.0 => 22982.0,91645.0,15969.0
boxes=2: 42084.0,10586.0,38382.0 => 42983.0,15861.0,40375.0
boxes=2: 73716.0,36930.0,2310.0 => 72776.0,31031.0,2624.0
boxes=2: 41922.0,49632.0,62909.0 => 42842.0,44356.0,65643.0
boxes=2: 69068.0,15295.0,2306.0 => 70905.0,9905.0,4360.0
boxes=2: 26659.0,34878.0,1758.0 => 24618.0,31222.0,6132.0
boxes=2: 62349.0,97066.0,50273.0 => 59816.0,93729.0,54692.0
boxes=2: 52804.0,69815.0,20774.0 => 55752.0,71490.0,15639.0
boxes=2: 14747.0,66425.0,4014.0 => 15163.0,60187.0,4138.0
boxes=2: 39981.0,69657.0,14402.0 => 42997.0,64073.0,14684.0
boxes=2: 34724.0,45491.0,97054.0 => 32343.0,51371.0,97418.0
boxes=2: 65840.0,11955.0,96032.0 => 69445.0,7027.0,97971.0
boxes=2: 92905.0,86135.0,37577.0 => 97189.0,90351.0,34909.0
boxes=2: 52795.0,7362.0,98319.0 => 50318.0,12220.0,94307.0
boxes=2: 20195.0,1760.0,14514.0 => 26447.0,3641.0,12413.0
boxes=2: 63329.0,20327.0,16155.0 => 61609.0,15158.0,11978.0
boxes=2: 99742.0,2462.0,37938.0 => 95883.0,6654.0,34064.0
boxes=2: 5805.0,87076.0,53447.0 => 2465.0,88180.0,47395.0
boxes=2: 55676.0,77055.0,95750.0 => 50091.0,81451.0,96148.0
boxes=2: 70363.0,29913.0,44729.0 => 67980.0,30234.0,51511.0
boxes=2: 74946.0,76466.0,40658.0 => 74541.0,83523.0,38911.0
boxes=2: 8657.0,59875.0,89696.0 => 6789.0,58948.0,96674.0
boxes=2: 84587.0,25471.0,17452.0 => 88308.0,31903.0,17180.0
boxes=2: 79080.0,49322.0,64967.0 => 75235.0,53900.0,69690.0
boxes=2: 63323.0,38732.0,12262.0 => 67700.0,39598.0,18582.0
boxes=2: 65390.0,89438.0,91064.0 => 59280.0,93831.0,88915.0
boxes=2: 87676.0,27194.0,64847.0 => 89797.0,25634.0,72267.0
boxes=2: 58711.0,8776.0,18346.0 => 63769.0,5442.0,23423.0]
2025-12-08 21:12:22,374 INFO   : Final largest_circuits_total=96672
2025-12-08 21:12:22,374 INFO   : Completed successfully
