$ ./part1.py --debug --blinks 25 input.txt
2024-12-10 23:30:03,896 INFO   : Starting ./part1.py to read input.txt...
2024-12-10 23:30:03,896 INFO   : Stones = [8435, 234, 928434, 14, 0, 7, 92446, 8992692]
2024-12-10 23:30:03,897 INFO   : After 1 blinks, 11 stones = [84, 35, 473616, 928, 434, 1, 4, 1, 14168, 187110704, 18201208608]
2024-12-10 23:30:03,897 INFO   : After 2 blinks, 14 stones = [8, 4, 3, 5, 473, 616, 1878272, 878416, 2024, 8096, 2024, 28676032, 378712064896, 36839246222592]
2024-12-10 23:30:03,897 INFO   : After 3 blinks, 21 stones = [16192, 8096, 6072, 10120, 957352, 1246784, 3801622528, 878, 416, 20, 24, 80, 96, 20, 24, 2867, 6032, 378712, 64896, 3683924, 6222592]
2024-12-10 23:30:03,897 INFO   : After 4 blinks, 34 stones = [32772608, 80, 96, 60, 72, 20482880, 957, 352, 2523490816, 38016, 22528, 1777072, 841984, 2, 0, 2, 4, 8, 0, 9, 6, 2, 0, 2, 4, 28, 67, 60, 32, 378, 712, 131349504, 7456262176, 12594526208]
2024-12-10 23:30:03,897 INFO   : After 5 blinks, 47 stones = [3277, 2608, 8, 0, 9, 6, 6, 0, 7, 2, 2048, 2880, 1936968, 712448, 25234, 90816, 76944384, 45596672, 3596793728, 841, 984, 4048, 1, 4048, 8096, 16192, 1, 18216, 12144, 4048, 1, 4048, 8096, 2, 8, 6, 7, 6, 0, 3, 2, 765072, 1441088, 265851396096, 74562, 62176, 25491321044992]
2024-12-10 23:30:03,897 INFO   : After 6 blinks, 64 stones = [32, 77, 26, 8, 16192, 1, 18216, 12144, 12144, 1, 14168, 4048, 20, 48, 28, 80, 3920423232, 712, 448, 51073616, 183811584, 7694, 4384, 4559, 6672, 35967, 93728, 1702184, 1991616, 40, 48, 2024, 40, 48, 80, 96, 32772608, 2024, 36869184, 24579456, 40, 48, 2024, 40, 48, 80, 96, 4048, 16192, 12144]
2024-12-10 23:30:03,897 INFO   : After 7 blinks, 103 stones = [3, 2, 7, 7, 2, 6, 16192, 32772608, 2024, 36869184, 24579456, 24579456, 2024, 28676032, 40, 48, 2, 0, 4, 8, 2, 8, 8, 0, 39204, 23232, 1441088, 906752, 5107, 3616, 372034646016, 76, 94, 43, 84, 45, 59, 66, 72, 72797208, 189705472, 3445220416, 4031030784, 4, 0, 4, 8, 20, 24, 4]
2024-12-10 23:30:03,897 INFO   : After 8 blinks, 155 stones = [6072, 4048, 14168, 14168, 4048, 12144, 32772608, 3277, 2608, 20, 24, 3686, 9184, 2457, 9456, 2457, 9456, 20, 24, 2867, 6032, 4, 0, 4, 8, 4048, 1, 8096, 16192, 4048, 16192, 16192, 1, 79348896, 47021568, 2916762112, 906, 752, 51, 7, 36, 16, 372034, 646016, 7, 6, 9, 4, 4, 3]
2024-12-10 23:30:03,897 INFO   : After 9 blinks, 225 stones = [60, 72, 40, 48, 28676032, 28676032, 40, 48, 24579456, 3277, 2608, 32, 77, 26, 8, 2, 0, 2, 4, 36, 86, 91, 84, 24, 57, 94, 56, 24, 57, 94, 56, 2, 0, 2, 4, 28, 67, 60, 32, 8096, 1, 8096, 16192, 40, 48, 2024, 80, 96, 32772608, 40]
2024-12-10 23:30:03,897 INFO   : After 10 blinks, 359 stones = [6, 0, 7, 2, 4, 0, 4, 8, 2867, 6032, 2867, 6032, 4, 0, 4, 8, 2457, 9456, 32, 77, 26, 8, 3, 2, 7, 7, 2, 6, 16192, 4048, 1, 4048, 8096, 3, 6, 8, 6, 9, 1, 8, 4, 2, 4, 5, 7, 9, 4, 5, 6, 2]
2024-12-10 23:30:03,898 INFO   : After 11 blinks, 537 stones = [12144, 1, 14168, 4048, 8096, 1, 8096, 16192, 28, 67, 60, 32, 28, 67, 60, 32, 8096, 1, 8096, 16192, 24, 57, 94, 56, 3, 2, 7, 7, 2, 6, 16192, 6072, 4048, 14168, 14168, 4048, 12144, 32772608, 40, 48, 2024, 40, 48, 80, 96, 6072, 12144, 16192, 12144, 18216]
2024-12-10 23:30:03,898 INFO   : After 12 blinks, 801 stones = [24579456, 2024, 28676032, 40, 48, 80, 96, 2024, 80, 96, 32772608, 2, 8, 6, 7, 6, 0, 3, 2, 2, 8, 6, 7, 6, 0, 3, 2, 80, 96, 2024, 80, 96, 32772608, 2, 4, 5, 7, 9, 4, 5, 6, 6072, 4048, 14168, 14168, 4048, 12144, 32772608, 60, 72]
2024-12-10 23:30:03,898 INFO   : After 13 blinks, 1174 stones = [2457, 9456, 20, 24, 2867, 6032, 4, 0, 4, 8, 8, 0, 9, 6, 20, 24, 8, 0, 9, 6, 3277, 2608, 4048, 16192, 12144, 14168, 12144, 1, 6072, 4048, 4048, 16192, 12144, 14168, 12144, 1, 6072, 4048, 8, 0, 9, 6, 20, 24, 8, 0, 9, 6, 3277, 2608]
2024-12-10 23:30:03,899 INFO   : After 14 blinks, 1810 stones = [24, 57, 94, 56, 2, 0, 2, 4, 28, 67, 60, 32, 8096, 1, 8096, 16192, 16192, 1, 18216, 12144, 2, 0, 2, 4, 16192, 1, 18216, 12144, 32, 77, 26, 8, 40, 48, 32772608, 24579456, 28676032, 24579456, 2024, 60, 72, 40, 48, 40, 48, 32772608, 24579456, 28676032, 24579456, 2024]
2024-12-10 23:30:03,899 INFO   : After 15 blinks, 2901 stones = [2, 4, 5, 7, 9, 4, 5, 6, 4048, 1, 4048, 8096, 2, 8, 6, 7, 6, 0, 3, 2, 80, 96, 2024, 80, 96, 32772608, 32772608, 2024, 36869184, 24579456, 4048, 1, 4048, 8096, 32772608, 2024, 36869184, 24579456, 3, 2, 7, 7, 2, 6, 16192, 4, 0, 4, 8, 3277]
2024-12-10 23:30:03,900 INFO   : After 16 blinks, 4189 stones = [4048, 8096, 10120, 14168, 18216, 8096, 10120, 12144, 40, 48, 2024, 40, 48, 80, 96, 4048, 16192, 12144, 14168, 12144, 1, 6072, 4048, 8, 0, 9, 6, 20, 24, 8, 0, 9, 6, 3277, 2608, 3277, 2608, 20, 24, 3686, 9184, 2457, 9456, 40, 48, 2024, 40, 48, 80, 96]
2024-12-10 23:30:03,901 INFO   : After 17 blinks, 6279 stones = [40, 48, 80, 96, 20482880, 28676032, 36869184, 80, 96, 20482880, 24579456, 4, 0, 4, 8, 20, 24, 4, 0, 4, 8, 8, 0, 9, 6, 40, 48, 32772608, 24579456, 28676032, 24579456, 2024, 60, 72, 40, 48, 16192, 1, 18216, 12144, 2, 0, 2, 4, 16192, 1, 18216, 12144, 32, 77]
2024-12-10 23:30:03,903 INFO   : After 18 blinks, 9890 stones = [4, 0, 4, 8, 8, 0, 9, 6, 2048, 2880, 2867, 6032, 3686, 9184, 8, 0, 9, 6, 2048, 2880, 2457, 9456, 8096, 1, 8096, 16192, 2, 0, 2, 4, 8096, 1, 8096, 16192, 16192, 1, 18216, 12144, 4, 0, 4, 8, 3277, 2608, 2457, 9456, 2867, 6032, 2457, 9456]
2024-12-10 23:30:03,906 INFO   : After 19 blinks, 14730 stones = [8096, 1, 8096, 16192, 16192, 1, 18216, 12144, 20, 48, 28, 80, 28, 67, 60, 32, 36, 86, 91, 84, 16192, 1, 18216, 12144, 20, 48, 28, 80, 24, 57, 94, 56, 80, 96, 2024, 80, 96, 32772608, 4048, 1, 4048, 8096, 80, 96, 2024, 80, 96, 32772608, 32772608, 2024]
2024-12-10 23:30:03,911 INFO   : After 20 blinks, 22477 stones = [80, 96, 2024, 80, 96, 32772608, 32772608, 2024, 36869184, 24579456, 2, 0, 4, 8, 2, 8, 8, 0, 2, 8, 6, 7, 6, 0, 3, 2, 3, 6, 8, 6, 9, 1, 8, 4, 32772608, 2024, 36869184, 24579456, 2, 0, 4, 8, 2, 8, 8, 0, 2, 4, 5, 7]
2024-12-10 23:30:03,918 INFO   : After 21 blinks, 34025 stones = [8, 0, 9, 6, 20, 24, 8, 0, 9, 6, 3277, 2608, 3277, 2608, 20, 24, 3686, 9184, 2457, 9456, 4048, 1, 8096, 16192, 4048, 16192, 16192, 1, 4048, 16192, 12144, 14168, 12144, 1, 6072, 4048, 6072, 12144, 16192, 12144, 18216, 2024, 16192, 8096, 3277, 2608, 20, 24, 3686, 9184]
2024-12-10 23:30:03,930 INFO   : After 22 blinks, 51693 stones = [16192, 1, 18216, 12144, 2, 0, 2, 4, 16192, 1, 18216, 12144, 32, 77, 26, 8, 32, 77, 26, 8, 2, 0, 2, 4, 36, 86, 91, 84, 24, 57, 94, 56, 40, 48, 2024, 80, 96, 32772608, 40, 48, 32772608, 32772608, 2024, 40, 48, 32772608, 24579456, 28676032, 24579456, 2024]
2024-12-10 23:30:03,947 INFO   : After 23 blinks, 79208 stones = [32772608, 2024, 36869184, 24579456, 4048, 1, 4048, 8096, 32772608, 2024, 36869184, 24579456, 3, 2, 7, 7, 2, 6, 16192, 3, 2, 7, 7, 2, 6, 16192, 4048, 1, 4048, 8096, 3, 6, 8, 6, 9, 1, 8, 4, 2, 4, 5, 7, 9, 4, 5, 6, 4, 0, 4, 8]
2024-12-10 23:30:03,971 INFO   : After 24 blinks, 118031 stones = [3277, 2608, 20, 24, 3686, 9184, 2457, 9456, 40, 48, 2024, 40, 48, 80, 96, 3277, 2608, 20, 24, 3686, 9184, 2457, 9456, 6072, 4048, 14168, 14168, 4048, 12144, 32772608, 6072, 4048, 14168, 14168, 4048, 12144, 32772608, 40, 48, 2024, 40, 48, 80, 96, 6072, 12144, 16192, 12144, 18216, 2024]
2024-12-10 23:30:04,011 INFO   : After 25 blinks, 182081 stones = [32, 77, 26, 8, 2, 0, 2, 4, 36, 86, 91, 84, 24, 57, 94, 56, 4, 0, 4, 8, 20, 24, 4, 0, 4, 8, 8, 0, 9, 6, 32, 77, 26, 8, 2, 0, 2, 4, 36, 86, 91, 84, 24, 57, 94, 56, 60, 72, 40, 48]
2024-12-10 23:30:04,012 INFO   : Completed successfully
$